(9, 10): 0.440007
(6, 3): -0.335718
(14, 12): 2.22329
(11, 12): 1.27573
(4, 14): -0.177274
(2, 11): 1.29531
(12, 5): -1.82863
(10, 9): 1.09276
(0, 6): -0.145322
(1, 13): 0.317995
(9, 1): -1.61355
(9, 3): -0.310279
(2, 7): 0.332845
(3, 0): 0.9999
(2, 14): -1.57185
(9, 1): 1.00382
(13, 9): 0.0157765
(3, 0): -0.174963
(5, 9): -0.859531
(3, 8): -0.144136
(6, 6): -0.221074
(2, 8): -0.101188
(0, 14): -0.78634
(0, 9): -0.737486
(8, 7): 0.737265
(5, 10): -1.16729
(10, 9): 1.08316
(4, 3): -0.992663
(9, 11): -0.660502
(7, 10): -1.6586
(7, 4): -0.799292
(12, 8): 0.331552
(10, 0): 0.210389
(11, 11): -0.914691
(7, 2): 0.461757
(14, 5): 0.982265
(12, 3): -1.54642
(14, 0): -1.33866
(3, 8): -0.0265312
(0, 14): -0.385289
(4, 8): -0.692905
(12, 2): 1.74422
(5, 12): 1.12705
(12, 0): -1.66427
(0, 6): -1.21918
(1, 14): -0.367304
(11, 1): 0.64233
(13, 12): 1.22334
(3, 6): -1.20574
(12, 8): 0.792837
(6, 6): -1.44038
(5, 9): -1.67138
(8, 1): -2.01907
(7, 8): -1.26905
(12, 2): -1.53791
(2, 2): 2.00677
(7, 11): 1.09272
(9, 3): -0.462941
(4, 5): -1.03677
(4, 4): -0.35043
(4, 12): 0.836215
(0, 9): 0.813614
(6, 9): 1.78435
(7, 8): 0.385783
(12, 10): -0.327144
(11, 8): 0.916558
(3, 5): -0.421909
(9, 12): 0.714051
(2, 1): -0.825493
(8, 5): -0.0361605
(5, 14): -0.287492
(2, 4): 1.75225
(11, 7): -1.99969
(10, 14): -0.653314
(3, 2): -0.272601
(13, 5): 2.71489
(8, 14): 1.79814
(13, 6): -0.792991
(5, 13): -1.14908
(13, 5): 0.838208
(12, 5): 0.453621
(10, 10): -0.364533
(13, 1): 0.282713
(6, 5): 0.169047
(4, 12): 0.226692
(10, 13): -0.917087
(12, 13): -0.834357
(10, 13): 0.592892
(13, 12): -0.437099
(5, 11): -0.542865
(8, 13): -0.956792
(1, 3): 2.30936
(4, 14): -0.86165
(7, 14): -0.00447722
(11, 3): 1.32478
(10, 8): -0.312795
(3, 1): -1.7091
(12, 0): -0.551088
(13, 11): -2.05569
(10, 2): 0.816054
(6, 7): 0.00922117
(6, 14): 0.508604
(3, 10): 1.03345
(2, 0): -0.700771
(7, 4): 0.0291939
(14, 8): -0.209927
(7, 12): 0.105703
(7, 2): 0.889829
(0, 9): -0.712893
(14, 8): -0.295292
(10, 0): -0.770574
(9, 12): -0.634391
(8, 4): -0.931025
(7, 11): -1.61559
(6, 10): -0.33302
(0, 12): -0.643854
(1, 3): -0.600667
(14, 3): 0.994081
(0, 13): 0.212853
(2, 5): 0.80371
(0, 10): 0.789237
(8, 7): -0.720953
(10, 3): -0.934908
(1, 1): -0.203306
(6, 14): 1.18341
(14, 9): -0.341019
(2, 2): 0.0625935
(12, 3): -0.763307
(3, 1): -0.103118
(12, 6): -0.637679
(9, 9): -0.0902944
(5, 13): -1.20897
(7, 11): -0.0678762
(10, 7): -0.949484
(2, 11): 0.200905
(6, 1): -0.744356
(11, 8): -3.32242
(11, 1): -1.83387
(14, 4): -0.937356
(7, 13): 1.44814
(7, 5): 0.0340186
(11, 5): 0.0951534
(11, 8): 0.670287
(10, 8): -1.27585
(11, 13): 0.18628
(10, 9): -0.381029
(2, 4): -0.237737
(3, 10): 0.391788
(8, 3): -1.21447
(3, 10): 1.57165
(4, 8): 1.79583
(11, 5): 1.37117
(10, 3): 0.233991
(1, 8): -0.685296
(4, 6): 0.688735
(6, 8): 0.142794
(2, 4): 1.1602
(11, 13): -1.34705
(4, 10): -0.757188
(6, 3): -0.485746
(1, 13): 0.703514
(5, 7): -0.464117
(11, 13): -0.08973
(1, 3): 0.405103
(8, 2): -1.38454
(3, 8): 0.69993
(9, 10): -1.03813
(14, 13): -0.304994
(11, 0): 0.6091
(13, 14): -0.720785
(10, 4): -0.342045
(4, 7): 1.26062
(4, 8): 0.522119
(10, 7): 0.281299
(2, 6): 0.125305
(1, 14): -0.452107
(2, 8): 0.779125
(3, 0): -0.853178
(0, 10): 0.666579
(10, 12): -0.458887
(4, 7): 1.95597
(10, 12): 1.00069
(13, 3): -0.503129
(5, 5): -0.306148
(8, 12): 0.768715
(7, 6): 1.21938
(3, 9): -1.34598
(1, 6): 0.296626
(0, 0): 0.38883
(4, 7): -0.866593
(2, 0): -0.00366833
(12, 14): 0.00613512
(0, 6): 0.302433
(7, 6): -1.62457
(14, 2): 0.131468
(6, 6): -0.666964
(14, 2): -0.463305
(11, 10): -1.75426
(1, 9): 1.02629
(7, 11): -0.353395
(3, 10): -1.04728
(6, 2): -1.18224
(8, 9): -1.35917
(11, 9): 0.121123
(5, 11): 0.678204
(9, 5): 0.138388
(10, 12): -0.391608
(8, 9): 0.246892
(13, 12): 0.476194
(2, 10): 1.1456
(2, 2): -0.916895
(7, 12): 0.728958
(12, 12): 0.951639
(6, 5): -0.25681
(11, 8): 2.62906
(12, 5): -0.0252336
(14, 6): -0.935358
(9, 8): 0.675749
(9, 11): -0.260819
(10, 2): -0.781161
(9, 6): 0.681267
(7, 9): 0.28745
(11, 12): -0.569369
(8, 6): 0.809902
(1, 10): 1.16264
(4, 14): 0.702586
(3, 12): 0.00853286
(14, 2): 1.02333
(3, 13): -0.073845
(12, 0): 1.14636
(2, 6): 1.13008
(1, 5): -1.30526
(11, 14): 0.606954
(9, 11): -0.634122
(6, 7): 0.436519
(4, 14): -0.474185
(1, 4): -1.00208
(12, 6): -0.225691
(2, 9): -1.76749
(0, 2): 0.960559
(3, 3): -0.552711
(6, 4): -0.149035
(8, 13): 0.18684
(12, 13): 0.171361
(5, 14): -0.521184
(7, 12): 0.856039
(12, 0): 1.74795
(2, 5): -0.185401
(12, 4): -1.56381
(2, 5): -0.526492
(12, 4): 0.519363
(2, 13): -0.705911
(12, 5): -1.54882
(9, 3): 0.162178
(3, 14): -0.539913
(7, 12): -0.893741
