(8, 14): -0.323218
(3, 7): 1.56077
(12, 9): -0.268781
(14, 2): 0.216745
(13, 0): -0.591858
(2, 9): 0.228598
(10, 4): -1.15851
(5, 12): -0.699889
(0, 9): 0.687238
(2, 11): 0.271219
(12, 0): -0.17449
(4, 0): -0.332314
(13, 8): -0.924462
(7, 14): -0.818161
(10, 0): -0.518774
(8, 2): -0.862572
(12, 2): -0.78765
(11, 9): 1.25349
(0, 7): 1.91989
(9, 2): 0.159815
(9, 13): 1.78907
(3, 13): -2.42001
(8, 12): 1.88823
(5, 14): -0.0848262
(3, 12): 0.285168
(8, 7): 0.586711
(14, 1): -1.01812
(14, 5): -0.272987
(14, 0): 0.628787
(11, 12): -0.41759
(13, 2): -0.100404
(10, 14): 0.124301
(9, 10): -1.9468
(6, 11): 0.598244
(13, 7): 1.08494
(11, 5): 0.430618
(6, 7): 1.33636
(12, 13): -0.212057
(5, 0): -0.0600741
(8, 14): -1.19315
(3, 7): 0.647679
(1, 10): -0.413613
(5, 4): -2.55025
(6, 7): -1.17517
(3, 7): -0.530889
(13, 2): 1.00224
(2, 3): 0.695603
(10, 5): -1.59018
(13, 5): 2.25437
(10, 14): 1.25372
(9, 8): -2.1305
(0, 13): -0.747197
(0, 5): 0.14517
